﻿,country,name,releaseDate,issue,produce,theaterCount,tickets,ticketChangeRate,amounts,totalTickets,totalAmounts,week,week_amount
0,中華民國,聽見歌 再唱,2021-04-16T00:00:00,美商華納兄弟（遠東）股份有限公司台灣分公司,"美商華納兄弟(遠東)股份有限公司台灣分公司,香港商福斯傳媒有限公司台灣分公司,海樂影業股份有限公司,有得電影有限公司,高雄人,十三月股份有限公司",98,106052,0.9759646736598908,24502498.0,158847,36843212.0,0419-0425,97148285.0
1,中華民國,聽見歌 再唱,2021-04-16T00:00:00,美商華納兄弟（遠東）股份有限公司台灣分公司,"美商華納兄弟(遠東)股份有限公司台灣分公司,香港商福斯傳媒有限公司台灣分公司,海樂影業股份有限公司,有得電影有限公司,高雄人,十三月股份有限公司",98,105821,-0.0021781767434843283,24465635.0,264668,61308847.0,0426-0502,72551767.0
2,中華民國,聽見歌 再唱,2021-04-16T00:00:00,美商華納兄弟（遠東）股份有限公司台灣分公司,"美商華納兄弟(遠東)股份有限公司台灣分公司,香港商福斯傳媒有限公司台灣分公司,海樂影業股份有限公司,有得電影有限公司,高雄人,十三月股份有限公司",97,62201,-0.4122055168633825,14362277.0,326869,75671124.0,0503-0509,39337124.0
3,中華民國,聽見歌 再唱,2021-04-16T00:00:00,美商華納兄弟（遠東）股份有限公司台灣分公司,"美商華納兄弟(遠東)股份有限公司台灣分公司,香港商福斯傳媒有限公司台灣分公司,海樂影業股份有限公司,有得電影有限公司,高雄人,十三月股份有限公司",97,14189,-0.7718846963875179,3219874.0,341058,78890998.0,0510-0516,10652302.0
4,中華民國,聽見歌 再唱,2021-04-16T00:00:00,美商華納兄弟（遠東）股份有限公司台灣分公司,"美商華納兄弟(遠東)股份有限公司台灣分公司,香港商福斯傳媒有限公司台灣分公司,海樂影業股份有限公司,有得電影有限公司,高雄人,十三月股份有限公司",35,82,-0.977075761811574,18730.0,341140,78909728.0,0517-0520,122069.0
5,中華民國,聽見歌 再唱,2021-04-16T00:00:00,美商華納兄弟（遠東）股份有限公司台灣分公司,"美商華納兄弟(遠東)股份有限公司台灣分公司,香港商福斯傳媒有限公司台灣分公司,海樂影業股份有限公司,有得電影有限公司,高雄人,十三月股份有限公司",23,392,1.0,94481.0,341532,79004209.0,0712-0725,721016.0
6,中華民國,聽見歌 再唱,2021-04-16T00:00:00,美商華納兄弟（遠東）股份有限公司台灣分公司,"美商華納兄弟(遠東)股份有限公司台灣分公司,香港商福斯傳媒有限公司台灣分公司,海樂影業股份有限公司,有得電影有限公司,高雄人,十三月股份有限公司",19,103,-0.2536231884057971,26070.0,341635,79030279.0,0726-0801,234724.0
7,中華民國,聽見歌 再唱,2021-04-16T00:00:00,美商華納兄弟（遠東）股份有限公司台灣分公司,"美商華納兄弟(遠東)股份有限公司台灣分公司,香港商福斯傳媒有限公司台灣分公司,海樂影業股份有限公司,有得電影有限公司,高雄人,十三月股份有限公司",11,88,-0.14563106796116504,16415.0,341723,79046694.0,0802-0808,136779.0
8,中華民國,聽見歌 再唱,2021-04-16T00:00:00,美商華納兄弟（遠東）股份有限公司台灣分公司,"美商華納兄弟(遠東)股份有限公司台灣分公司,香港商福斯傳媒有限公司台灣分公司,海樂影業股份有限公司,有得電影有限公司,高雄人,十三月股份有限公司",2,66,-0.25,14990.0,341789,79061684.0,0809-0815,108490.0
9,中華民國,聽見歌 再唱,2021-04-16T00:00:00,美商華納兄弟（遠東）股份有限公司台灣分公司,"美商華納兄弟(遠東)股份有限公司台灣分公司,香港商福斯傳媒有限公司台灣分公司,海樂影業股份有限公司,有得電影有限公司,高雄人,十三月股份有限公司",1,14,-0.7878787878787878,2790.0,341803,79064474.0,0816-0822,297256.0
10,中華民國,聽見歌 再唱,2021-04-16T00:00:00,美商華納兄弟（遠東）股份有限公司台灣分公司,"美商華納兄弟(遠東)股份有限公司台灣分公司,香港商福斯傳媒有限公司台灣分公司,海樂影業股份有限公司,有得電影有限公司,高雄人,十三月股份有限公司",2,216,14.428571428571429,37090.0,342019,79101564.0,0823-0829,408947.0
11,中華民國,聽見歌 再唱,2021-04-16T00:00:00,美商華納兄弟（遠東）股份有限公司台灣分公司,"美商華納兄弟(遠東)股份有限公司台灣分公司,香港商福斯傳媒有限公司台灣分公司,海樂影業股份有限公司,有得電影有限公司,高雄人,十三月股份有限公司",1,83,-0.6157407407407407,9585.0,342102,79111149.0,0830-0905,495300.0
12,中華民國,聽見歌 再唱,2021-04-16T00:00:00,美商華納兄弟（遠東）股份有限公司台灣分公司,"美商華納兄弟(遠東)股份有限公司台灣分公司,香港商福斯傳媒有限公司台灣分公司,海樂影業股份有限公司,有得電影有限公司,高雄人,十三月股份有限公司",1,17,-0.7951807228915663,1887.0,342119,79113036.0,0906-0912,221212.0
13,中華民國,聽見歌 再唱,2021-04-16T00:00:00,美商華納兄弟（遠東）股份有限公司台灣分公司,"美商華納兄弟(遠東)股份有限公司台灣分公司,香港商福斯傳媒有限公司台灣分公司,海樂影業股份有限公司,有得電影有限公司,高雄人,十三月股份有限公司",2,110,5.470588235294118,23650.0,342229,79136686.0,0913-0919,164445.0
14,中華民國,聽見歌 再唱,2021-04-16T00:00:00,美商華納兄弟（遠東）股份有限公司台灣分公司,"美商華納兄弟(遠東)股份有限公司台灣分公司,香港商福斯傳媒有限公司台灣分公司,海樂影業股份有限公司,有得電影有限公司,高雄人,十三月股份有限公司",1,199,1.0,42785.0,342428,79179471.0,1011-1017,1487328.0
15,中華民國,聽見歌 再唱,2021-04-16T00:00:00,美商華納兄弟（遠東）股份有限公司台灣分公司,"美商華納兄弟(遠東)股份有限公司台灣分公司,香港商福斯傳媒有限公司台灣分公司,海樂影業股份有限公司,有得電影有限公司,高雄人,十三月股份有限公司",28,2014,9.120603015075377,509467.0,344442,79688938.0,1018-1024,2549123.0
16,中華民國,聽見歌 再唱,2021-04-16T00:00:00,美商華納兄弟（遠東）股份有限公司台灣分公司,"美商華納兄弟(遠東)股份有限公司台灣分公司,香港商福斯傳媒有限公司台灣分公司,海樂影業股份有限公司,有得電影有限公司,高雄人,十三月股份有限公司",28,2219,0.10178748758689175,522810.0,346661,80211748.0,1025-1031,2261993.0
17,中華民國,聽見歌 再唱,2021-04-16T00:00:00,美商華納兄弟（遠東）股份有限公司台灣分公司,"美商華納兄弟(遠東)股份有限公司台灣分公司,香港商福斯傳媒有限公司台灣分公司,海樂影業股份有限公司,有得電影有限公司,高雄人,十三月股份有限公司",26,469,-0.7886435331230284,111572.0,347130,80323320.0,1101-1107,7739559.0
18,中華民國,聽見歌 再唱,2021-04-16T00:00:00,美商華納兄弟（遠東）股份有限公司台灣分公司,"美商華納兄弟(遠東)股份有限公司台灣分公司,香港商福斯傳媒有限公司台灣分公司,海樂影業股份有限公司,有得電影有限公司,高雄人,十三月股份有限公司",10,1067,1.275053304904051,243240.0,348197,80566560.0,1108-1114,5729052.0
19,中華民國,聽見歌 再唱,2021-04-16T00:00:00,美商華納兄弟（遠東）股份有限公司台灣分公司,"美商華納兄弟(遠東)股份有限公司台灣分公司,香港商福斯傳媒有限公司台灣分公司,海樂影業股份有限公司,有得電影有限公司,高雄人,十三月股份有限公司",7,401,-0.6241799437675727,98130.0,348598,80664690.0,1115-1121,8456463.0
20,中華民國,聽見歌 再唱,2021-04-16T00:00:00,美商華納兄弟（遠東）股份有限公司台灣分公司,"美商華納兄弟(遠東)股份有限公司台灣分公司,香港商福斯傳媒有限公司台灣分公司,海樂影業股份有限公司,有得電影有限公司,高雄人,十三月股份有限公司",4,443,0.10473815461346633,106120.0,349041,80770810.0,1122-1128,7746814.0
21,中華民國,聽見歌 再唱,2021-04-16T00:00:00,美商華納兄弟（遠東）股份有限公司台灣分公司,"美商華納兄弟(遠東)股份有限公司台灣分公司,香港商福斯傳媒有限公司台灣分公司,海樂影業股份有限公司,有得電影有限公司,高雄人,十三月股份有限公司",2,94,-0.7878103837471784,19820.0,349135,80790630.0,1129-1205,78670840.0
22,中華民國,聽見歌 再唱,2021-04-16T00:00:00,美商華納兄弟（遠東）股份有限公司台灣分公司,"美商華納兄弟(遠東)股份有限公司台灣分公司,香港商福斯傳媒有限公司台灣分公司,海樂影業股份有限公司,有得電影有限公司,高雄人,十三月股份有限公司",5,380,3.0425531914893615,81340.0,349515,80871970.0,1206-1212,66005448.0
23,中華民國,聽見歌 再唱,2021-04-16T00:00:00,美商華納兄弟（遠東）股份有限公司台灣分公司,"美商華納兄弟(遠東)股份有限公司台灣分公司,香港商福斯傳媒有限公司台灣分公司,海樂影業股份有限公司,有得電影有限公司,高雄人,十三月股份有限公司",6,422,0.11052631578947368,88220.0,349937,80960190.0,1213-1219,39061776.0
24,中華民國,聽見歌 再唱,2021-04-16T00:00:00,美商華納兄弟（遠東）股份有限公司台灣分公司,"美商華納兄弟(遠東)股份有限公司台灣分公司,香港商福斯傳媒有限公司台灣分公司,海樂影業股份有限公司,有得電影有限公司,高雄人,十三月股份有限公司",4,377,-0.1066350710900474,73340.0,350314,81033530.0,1220-1226,25759859.0
25,中華民國,聽見歌 再唱,2021-04-16T00:00:00,美商華納兄弟（遠東）股份有限公司台灣分公司,"美商華納兄弟(遠東)股份有限公司台灣分公司,香港商福斯傳媒有限公司台灣分公司,海樂影業股份有限公司,有得電影有限公司,高雄人,十三月股份有限公司",4,490,0.29973474801061006,116470.0,350804,81150000.0,1227-0102,30376928.0
26,中華民國,聽見歌 再唱,2021-04-16T00:00:00,美商華納兄弟（遠東）股份有限公司台灣分公司,"美商華納兄弟(遠東)股份有限公司台灣分公司,香港商福斯傳媒有限公司台灣分公司,海樂影業股份有限公司,有得電影有限公司,高雄人,十三月股份有限公司",3,163,-0.6673469387755102,18930.0,350967,81168930.0,22_0103-0109,10268653.0
